107,36
0,315
0,470
0,469
0,466
0,462
0,461
0,454
0,435
0,434
0,432
0,431
0,430
0,428
0,427
0,423
0,421
0,420
0,418
0,417
0,415
0,414
0,413
0,412
0,411
0,410
0,409
0,408
0,407
0,406
0,404
0,403
0,401
0,400
0,399
0,397
0,395
0,393
0,392
107,35
35,276
35,275
35,274
35,273
35,272
11,23
9,6
9,4
35,271
35,270
35,269
35,268
35,267
35,266
35,265
35,264
35,263
35,262
35,261
35,260
8,8
8,18
8,4
8,2
8,3
0,318
35,259
35,258
35,257
35,256
35,225
35,224
35,223
35,222
35,221
35,220
35,219
35,218
35,217
35,216
35,215
35,214
35,191
35,190
35,189
35,188
35,187
35,186
35,185
35,184
35,183
35,182
35,181
35,180
35,171
20,2
20,1
35,156
20,3
35,139
35,132
35,68
35,67
35,66
35,64
35,12
35,11
35,9
35,1
35,7
35,4
34,370
34,365
34,364
34,344
34,336
34,335
34,334
34,333
34,332
34,331
34,330
34,329
34,328
34,327
34,326
34,325
34,324
34,323
34,322
34,321
34,1
34,320
34,311
34,310
34,309
34,298
34,297
34,296
34,295
34,294
34,293
34,292
34,291
34,290
34,289
34,288
34,287
34,286
34,285
34,284
34,283
34,282
34,281
34,280
34,279
34,278
34,277
34,276
19,3
19,2
19,1
12,3
12,2
12,1
11,25
11,24
11,22
11,19
11,18
11,12
11,8
11,4
11,3
11,2
11,1
18,1
10,315
10,313
18,3
10,297
14,1
10,215
14,4
10,177
14,3
13,1
10,147
10,133
13,3
10,107
10,3
10,2
10,1
9,7
9,5
9,3
9,2
9,1
8,15
8,13
8,12
8,11
8,10
8,9
2,2
2,1
8,6
8,1
3,3
2,3
3,2
3,1
0,464
0,459
0,457
0,455
0,449
0,444
0,442
0,439
